0 0.70665625 0.533890625 0.054760416666666666 0.041031250000000005
0 0.7596666666666666 0.5150703125 0.074625 0.037765625000000004
0 0.804625 0.5454140625 0.05554166666666667 0.051578124999999996
0 0.90165625 0.5647031250000001 0.09686458333333332 0.04953125
0 0.908875 0.49135156249999995 0.057125 0.0340703125
0 0.6132708333333333 0.49995312500000005 0.07217708333333334 0.03878125
0 0.6797291666666666 0.56790625 0.04048958333333333 0.038742187500000004
0 0.7021770833333334 0.6478203125 0.06669791666666666 0.045453125
0 0.63696875 0.6234609375 0.0695625 0.0576640625
0 0.5070104166666667 0.5346093749999999 0.07838541666666667 0.06589843749999999
0 0.3306979166666667 0.529859375 0.057562499999999996 0.056398437499999995
0 0.2630625 0.56465625 0.07382291666666667 0.052554687499999996
0 0.07727083333333334 0.53278125 0.037333333333333336 0.062242187500000004
0 0.021156249999999998 0.55253125 0.03792708333333333 0.05487499999999999