0 0.37843750000000004 0.3746933962264151 0.06910416666666667 0.029870283018867922
0 0.4503333333333333 0.3783372641509434 0.056666666666666664 0.02535377358490566
0 0.5628124999999999 0.37752358490566035 0.06285416666666667 0.031108490566037733
0 0.308625 0.4247051886792453 0.0310625 0.020813679245283018
0 0.2657291666666667 0.42359669811320755 0.03902083333333333 0.023030660377358493
0 0.34452083333333333 0.4385731132075472 0.066375 0.022016509433962266
0 0.41177083333333336 0.4357429245283019 0.06808333333333333 0.02079009433962264
0 0.31806249999999997 0.37628537735849055 0.0316875 0.01979952830188679
0 0.26629166666666665 0.37663915094339623 0.042749999999999996 0.020483490566037738
0 0.21341666666666667 0.3740566037735849 0.04635416666666667 0.02563679245283019
0 0.20729166666666668 0.42357311320754715 0.036708333333333336 0.024457547169811317
0 0.25735416666666666 0.454811320754717 0.05091666666666667 0.03089622641509434
0 0.39922916666666663 0.47783018867924526 0.10289583333333334 0.03860849056603774