0 0.8501979166666668 0.288203125 0.03354166666666667 0.034585937500000004
0 0.5959479166666667 0.266734375 0.1170625 0.058046875
0 0.19478125000000002 0.4630546875 0.08630208333333332 0.07568749999999999
0 0.415875 0.46071093750000003 0.09377083333333333 0.08403125
0 0.7455104166666667 0.54015625 0.1585625 0.0615
0 0.8888958333333333 0.4848515625 0.0730625 0.051578124999999996
0 0.7047604166666667 0.46340624999999996 0.07947916666666667 0.03603125
0 0.8219791666666667 0.4134921875 0.07050000000000001 0.029945312499999998
0 0.3178020833333333 0.47284375 0.05209375 0.054898437499999994
0 0.36042708333333334 0.4106015625 0.08526041666666666 0.0332890625
0 0.18076041666666667 0.41809375 0.07314583333333333 0.0365546875
0 0.09294791666666667 0.3530234375 0.05898958333333334 0.0340078125