0 0.67853125 0.43577343749999997 0.05930208333333333 0.0287734375
0 0.33797916666666666 0.5115000000000001 0.05080208333333334 0.0474140625
0 0.5546041666666667 0.49761718750000006 0.04854166666666667 0.0511796875
0 0.6202708333333333 0.44343750000000004 0.023 0.0217890625
0 0.5915208333333334 0.43736718750000003 0.019208333333333334 0.014109374999999999
0 0.5490729166666667 0.44378906249999994 0.042937499999999997 0.0169140625
0 0.44128125 0.42350000000000004 0.041625 0.02096875
0 0.46896875 0.4184375 0.040468750000000005 0.0175390625
0 0.4635104166666667 0.443546875 0.023583333333333335 0.015312500000000001
0 0.3553645833333333 0.4690078125 0.0424375 0.024921875
0 0.3993645833333333 0.43234374999999997 0.03369791666666667 0.02415625
0 0.9189270833333333 0.4331796875 0.040093750000000004 0.0224765625
0 0.21548958333333335 0.5052734375 0.05876041666666666 0.032734374999999996
0 0.18123958333333334 0.47361718750000004 0.03197916666666666 0.023
0 0.07548958333333333 0.508953125 0.03772916666666667 0.0222421875
0 0.22338541666666664 0.571390625 0.047802083333333335 0.0455546875
0 0.07188541666666667 0.5512265625 0.03796875 0.0420546875