0 0.22828125000000002 0.26571875 0.19593229166666667 0.1171796875
0 0.357765625 0.61346875 0.09657291666666666 0.0455
0 0.7149270833333333 0.54851171875 0.0474375 0.02035546875
0 0.7189114583333333 0.5261953125 0.04386458333333333 0.027199218749999997
0 0.9440260416666667 0.53141015625 0.03159375 0.03137890625
0 0.8867239583333333 0.53101953125 0.030927083333333334 0.03216015625
0 0.855859375 0.54630078125 0.03858854166666667 0.04396875
0 0.7767552083333332 0.5839296875 0.04496875 0.028609375
0 0.7032135416666667 0.58766015625 0.04996354166666667 0.03137890625
0 0.6169791666666666 0.5525 0.031671875 0.0344921875
0 0.5254479166666667 0.5661562499999999 0.05902083333333333 0.0305546875
0 0.5178072916666667 0.6091367187500001 0.06456770833333333 0.033710937499999996
0 0.4503489583333333 0.6416484375 0.09632291666666666 0.053421874999999994
0 0.10772395833333334 0.57773046875 0.03607291666666667 0.038082031249999995