0 0.33670833333333333 0.6616015625 0.08753125 0.0833984375
0 0.40420833333333334 0.6098515625 0.10154166666666667 0.0424140625
0 0.3372395833333333 0.6048984374999999 0.056187499999999994 0.0377109375
0 0.4315 0.64553125 0.06879166666666667 0.040859374999999996
0 0.831 0.6977890625 0.13057291666666665 0.073390625
0 0.87865625 0.6656875 0.106625 0.0395
0 0.9309479166666667 0.6217890625 0.09722916666666667 0.083484375
0 0.9625625 0.5089765625 0.0383125 0.029898437500000003
0 0.4106666666666667 0.55934375 0.07804166666666666 0.028195312500000003
0 0.5600833333333333 0.584453125 0.06901041666666667 0.0315390625
0 0.5250416666666667 0.6153828125 0.09151041666666666 0.037851562500000005
0 0.6490625 0.637625 0.10083333333333333 0.0371953125
0 0.5864479166666666 0.5361484375 0.06386458333333334 0.035625000000000004
0 0.38236458333333334 0.5248828125 0.06542708333333333 0.0321875
0 0.21427083333333333 0.7266874999999999 0.12044791666666667 0.053859375
0 0.19117708333333333 0.582515625 0.06498958333333334 0.046765625
0 0.11980208333333334 0.5893515625 0.054187500000000006 0.0396015625
0 0.14566666666666667 0.5345546875 0.04571875 0.0306953125