0 0.6514583333333334 0.46923349056603775 0.11095833333333333 0.03104952830188679
0 0.5647708333333333 0.46593160377358495 0.040375 0.02443396226415094
0 0.4465 0.46656839622641505 0.13158333333333333 0.03199292452830189
0 0.33356250000000004 0.5125707547169812 0.10572916666666667 0.029658018867924525
0 0.41933333333333334 0.49958726415094334 0.07170833333333333 0.03357311320754717
0 0.25016666666666665 0.5104952830188679 0.0389375 0.017641509433962265
0 0.3589583333333334 0.46100235849056603 0.03154166666666667 0.02400943396226415
0 0.3145 0.46244103773584905 0.042604166666666665 0.02846698113207547
0 0.24766666666666665 0.45908018867924527 0.028374999999999997 0.0248938679245283
0 0.23766666666666666 0.5413679245283018 0.06393750000000001 0.033797169811320756
0 0.2595208333333333 0.5598938679245283 0.07989583333333333 0.03939858490566037
0 0.5875625 0.5308018867924529 0.0415 0.029952830188679242
0 0.5002083333333334 0.5315094339622641 0.050124999999999996 0.03294811320754717
0 0.43141666666666667 0.5379834905660377 0.07089583333333334 0.03174528301886793