0 0.06177083333333333 0.3957075471698113 0.08683333333333333 0.051250000000000004
0 0.17483333333333334 0.4594221698113207 0.13325 0.05338443396226415
0 0.0883125 0.4909433962264151 0.11647916666666666 0.06337264150943396
0 0.20508333333333334 0.5124764150943396 0.0921875 0.05338443396226415
0 0.24535416666666665 0.5535495283018869 0.1284583333333333 0.04706367924528301
0 0.3482083333333333 0.5734669811320755 0.107625 0.05755896226415095
0 0.4345208333333333 0.5348820754716981 0.17345833333333335 0.05543632075471698
0 0.7105 0.37239386792452833 0.0691875 0.04
0 0.6932291666666667 0.4158372641509434 0.08670833333333333 0.03992924528301887
0 0.4964375 0.43393867924528307 0.12020833333333333 0.04370283018867925
0 0.7927083333333333 0.46088443396226414 0.08968749999999999 0.031155660377358493
0 0.43666666666666665 0.3767688679245283 0.084 0.05465801886792453