0 0.07384375 0.538703125 0.028489583333333336 0.0170078125
0 0.07953125 0.553171875 0.03241666666666667 0.0225078125
0 0.5954999999999999 0.5892734374999999 0.0390625 0.0236015625
0 0.58728125 0.5720156249999999 0.03463541666666667 0.022390625
0 0.5373333333333333 0.5744921875 0.03582291666666667 0.021617187500000003
0 0.65790625 0.6024609375 0.046322916666666665 0.026203125
0 0.7871979166666667 0.6348125 0.05191666666666667 0.026187500000000002
0 0.508375 0.606234375 0.04785416666666666 0.025953125
0 0.4188854166666667 0.55365625 0.026614583333333334 0.025710937499999996
0 0.3006041666666667 0.565109375 0.034354166666666665 0.01846875
0 0.28876041666666663 0.5499921875 0.028270833333333335 0.019484375
0 0.24098958333333334 0.5646953124999999 0.026479166666666668 0.0214140625
0 0.2219375 0.5481484375 0.0270625 0.0169140625
0 0.16888541666666665 0.5523515625 0.040010416666666666 0.0231015625
0 0.27841666666666665 0.5162734375 0.0239375 0.0201328125
0 0.23563541666666668 0.52003125 0.024687499999999998 0.0209609375