0 0.6875625 0.47721875 0.0113125 0.013593749999999998
0 0.65896875 0.5032890625 0.015770833333333335 0.015617187499999999
0 0.6265625 0.49889062500000003 0.010843750000000001 0.0152890625
0 0.59121875 0.5036875000000001 0.018281250000000002 0.0203125
0 0.5736666666666667 0.5091249999999999 0.014437499999999999 0.0149140625
0 0.5481041666666666 0.504828125 0.01365625 0.01803125
0 0.52975 0.5106015625 0.020354166666666666 0.016640625
0 0.5231458333333333 0.5006640625000001 0.014093749999999999 0.012968750000000001
0 0.47458333333333336 0.5105390625 0.014614583333333332 0.016640625
0 0.45271875 0.519765625 0.028010416666666666 0.016859375
0 0.4213645833333333 0.5161796875 0.018489583333333334 0.018359375
0 0.4042604166666666 0.5078359375 0.017885416666666668 0.015562500000000002
0 0.39134375 0.5276328125 0.021 0.0230390625
0 0.2780416666666667 0.5563515625 0.04215625 0.02384375
0 0.28155208333333337 0.5891640625 0.038375000000000006 0.030656250000000003