0 0.76875 0.27413308341143394 0.12125 0.1471415182755389
0 0.7309375 0.17197750702905343 0.144375 0.14526710402999063
0 0.5903125 0.21508903467666354 0.124375 0.22399250234301782
0 0.424375 0.3828491096532334 0.09875 0.22399250234301782
0 0.529375 0.5074976569821931 0.16 0.190253045923149
0 0.6575 0.5660731021555764 0.1325 0.15370196813495782
0 0.3840625 0.5571696344892221 0.140625 0.25023430178069356
0 0.0828125 0.5656044985941893 0.094375 0.16776007497656983
0 0.129375 0.4465791940018744 0.17875 0.1471415182755389
0 0.21 0.3331771321462043 0.1175 0.1134020618556701
0 0.16 0.18228678537956888 0.13 0.1077788191190253
0 0.3934375 0.19634489222118087 0.120625 0.1021555763823805