0 0.1434375 0.2602996254681648 0.039375 0.04307116104868914
0 0.1396875 0.2303370786516854 0.041875 0.0449438202247191
0 0.134375 0.1853932584269663 0.04375 0.05805243445692884
0 0.106875 0.13623595505617977 0.06 0.06460674157303371
0 0.1590625 0.3094569288389513 0.035625 0.03089887640449438
0 0.208125 0.7935393258426966 0.0625 0.10767790262172285
0 0.27125 0.7649812734082397 0.0475 0.10861423220973783
0 0.570625 0.8080524344569289 0.06 0.13857677902621723
0 0.523125 0.8670411985018727 0.105 0.12172284644194757
0 0.4278125 0.8455056179775281 0.081875 0.12921348314606743
0 0.380625 0.9222846441947565 0.155 0.15543071161048688
0 0.66 0.7968164794007491 0.09375 0.10861423220973783
0 0.1678125 0.9349250936329588 0.139375 0.1301498127340824
0 0.09125 0.8080524344569289 0.08125 0.13857677902621723
0 0.96 0.8572097378277154 0.07375 0.13389513108614232
0 0.8684375 0.8670411985018727 0.123125 0.12921348314606743
0 0.6165625 0.7073970037453183 0.043125 0.0852059925093633
0 0.15625 0.7420411985018727 0.04625 0.09644194756554307
0 0.06625 0.7036516853932584 0.05375 0.06647940074906367
0 0.2359375 0.6882022471910112 0.035625 0.07677902621722846
0 0.4921875 0.6933520599250936 0.049375 0.07958801498127341