0 0.861005859375 0.7405051813471502 0.26583984375 0.5023056994818652
0 0.5571875 0.624637305699482 0.489365234375 0.7340284974093264
0 0.32443359375 0.7592098445595855 0.38845703125 0.4389766839378238
0 0.1323828125 0.3785233160621762 0.162763671875 0.22740932642487047
0 0.293515625 0.4447279792746114 0.152998046875 0.1928626943005181
0 0.738388671875 0.45768134715025904 0.22244140625 0.23028497409326426
0 0.682509765625 0.3238341968911917 0.1909765625 0.18998704663212435
0 0.841474609375 0.19069948186528496 0.1508203125 0.17703367875647666
0 0.232744140625 0.14536269430051812 0.196396484375 0.15256476683937825
0 0.4736328125 0.21589378238341966 0.172529296875 0.1755958549222798
0 0.284833984375 0.27849740932642486 0.159501953125 0.2144559585492228
0 0.296220703125 0.18638601036269428 0.078125 0.1367357512953368