0 0.8511516203703704 0.7611371527777778 0.1736545138888889 0.18998697916666668
0 0.8830150462962962 0.5603993055555556 0.12665798611111112 0.20312934027777776
0 0.8139120370370371 0.5654774305555555 0.07846354166666668 0.1834157986111111
0 0.7234982638888888 0.5493446180555556 0.12386863425925926 0.22762586805555557
0 0.7015914351851852 0.6649479166666666 0.14378472222222222 0.22583333333333336
0 0.6619618055555555 0.5299305555555556 0.11470775462962964 0.17684027777777778
0 0.6097858796296296 0.5281380208333333 0.09081018518518517 0.18878906250000002
0 0.5665711805555556 0.5675694444444445 0.09678530092592592 0.2210546875
0 0.47596064814814815 0.5421744791666667 0.09001446759259259 0.18221788194444444
0 0.34432291666666665 0.7351475694444445 0.09280092592592594 0.1977517361111111
0 0.3674247685185185 0.6225303819444444 0.17166377314814815 0.19118055555555558
0 0.3923177083333333 0.5598003472222222 0.09877604166666666 0.15652777777777777
0 0.2175318287037037 0.5353038194444444 0.14166377314814815 0.2138845486111111
0 0.34106770833333333 0.48123697916666663 0.10355613425925926 0.16071180555555553
0 0.42152488425925927 0.3907248263888889 0.07248842592592593 0.1684765625
0 0.1306394675925926 0.5421744791666667 0.05894675925925926 0.20253038194444445
0 0.11351273148148149 0.32381076388888885 0.09001446759259259 0.13980034722222223
0 0.04241898148148148 0.3411371527777778 0.08483506944444444 0.1147092013888889
0 0.04540509259259259 0.20282986111111112 0.044609375 0.08901909722222222
0 0.15752604166666664 0.18998697916666668 0.09678530092592592 0.11709635416666668
0 0.05416666666666666 0.4394184027777778 0.10833622685185186 0.12845052083333333
0 0.12167824074074074 0.4444965277777777 0.1047511574074074 0.1625043402777778
0 0.36344328703703704 0.3184331597222222 0.05297164351851852 0.16369791666666667
0 0.43175057870370376 0.2975260416666667 0.0924045138888889 0.15772569444444443
0 0.5464583333333333 0.33605902777777774 0.07726851851851853 0.16907552083333333
0 0.6026157407407408 0.35487847222222224 0.06691261574074074 0.12426649305555555
0 0.3080787037037037 0.21179253472222223 0.12864872685185186 0.11530381944444446
0 0.3887326388888889 0.07886284722222221 0.07248842592592593 0.09081163194444444
0 0.5189756944444445 0.04182291666666667 0.08842013888888889 0.08364149305555556
0 0.040824652777777776 0.04540364583333333 0.060141782407407404 0.08244791666666668