0 0.7956224999999999 0.4593333333333333 0.0987925 0.12445777777777776
0 0.54569 0.48243555555555556 0.08108499999999999 0.13973333333333332
0 0.54973 0.3131555555555556 0.09102500000000001 0.05633333333333333
0 0.5023525 0.37390666666666666 0.07891 0.06406666666666667
0 0.4520225 0.4194711111111111 0.0782875 0.09112888888888888
0 0.37187 0.39627555555555555 0.0354175 0.07345777777777777
0 0.4074425 0.3344177777777778 0.06493 0.06572444444444445
0 0.427325 0.30790666666666666 0.06493 0.06461777777777777
0 0.2608075 0.34629333333333334 0.08854000000000001 0.06848444444444445
0 0.20737250000000002 0.2825022222222222 0.0475325 0.10328
0 0.1147925 0.31149777777777776 0.036969999999999996 0.08505333333333334