0 0.13428571428571429 0.5063451776649747 0.1457142857142857 0.11928934010152284
0 0.2342857142857143 0.5355329949238579 0.06857142857142857 0.20304568527918782
0 0.31285714285714283 0.47715736040609136 0.06857142857142857 0.1319796954314721
0 0.3607142857142857 0.6408629441624365 0.17 0.13959390862944163
0 0.4957142857142857 0.6865482233502538 0.07142857142857142 0.22588832487309646
0 0.7128571428571429 0.631979695431472 0.11428571428571428 0.20304568527918782
0 0.87 0.5786802030456852 0.12571428571428572 0.15228426395939088
0 0.7478571428571429 0.5291878172588832 0.13857142857142857 0.09898477157360407
0 0.6171428571428571 0.4949238578680203 0.07428571428571429 0.12690355329949238
0 0.5514285714285714 0.565989847715736 0.06857142857142857 0.14720812182741116
0 0.46 0.5469543147208121 0.054285714285714284 0.09390862944162437
0 0.4585714285714286 0.4289340101522843 0.12857142857142856 0.13705583756345177