0 0.7194871794871794 0.42589928057553955 0.08102564102564103 0.11510791366906475
0 0.5358974358974359 0.39784172661870504 0.12 0.11079136690647481
0 0.4128205128205128 0.36151079136690645 0.11384615384615385 0.09712230215827339
0 0.46205128205128204 0.2593525179856115 0.08307692307692308 0.08273381294964029
0 0.5620512820512821 0.2845323741007194 0.12307692307692308 0.09136690647482014
0 0.1158974358974359 0.25467625899280577 0.12512820512820513 0.13525179856115108
0 0.5174358974358975 0.1381294964028777 0.1794871794871795 0.10503597122302158
0 0.8461538461538461 0.27302158273381294 0.14974358974358976 0.15899280575539568
0 0.6471794871794871 0.8805755395683453 0.29333333333333333 0.12086330935251799
0 0.1764102564102564 0.09820143884892087 0.1641025641025641 0.11294964028776978
0 0.37025641025641026 0.14568345323741008 0.08205128205128205 0.1
0 0.30205128205128207 0.564388489208633 0.16512820512820514 0.14172661870503597