0 0.7462482946793997 0.2290909090909091 0.040927694406548434 0.025454545454545455
0 0.8485675306957708 0.26272727272727275 0.027285129604365622 0.04181818181818182
0 0.6616643929058663 0.24545454545454545 0.02455661664392906 0.03636363636363636
0 0.10572987721691678 0.2781818181818182 0.045020463847203276 0.03636363636363636
0 0.16030013642564803 0.2909090909090909 0.03956343792633015 0.03272727272727273
0 0.2155525238744884 0.21727272727272728 0.027285129604365622 0.02727272727272727
0 0.14120054570259208 0.40636363636363637 0.03956343792633015 0.06363636363636363
0 0.46521145975443384 0.5618181818181818 0.06002728512960437 0.08
0 0.4195088676671214 0.6209090909090909 0.061391541609822645 0.07818181818181819
0 0.7414733969986358 0.6454545454545455 0.05593451568894952 0.11272727272727273
0 0.7264665757162346 0.4009090909090909 0.047748976807639835 0.05272727272727273
0 0.7496589358799455 0.3781818181818182 0.034106412005457026 0.05090909090909091
0 0.7878581173260573 0.45454545454545453 0.04229195088676671 0.05818181818181818
0 0.9686221009549796 0.29 0.027285129604365622 0.04181818181818182
0 0.9338335607094134 0.3990909090909091 0.034106412005457026 0.07818181818181819
0 0.8956343792633015 0.4018181818181818 0.036834924965893585 0.05090909090909091
0 0.5361527967257844 0.24636363636363637 0.030013642564802184 0.034545454545454546
0 0.49590723055934516 0.3109090909090909 0.0286493860845839 0.03636363636363636
0 0.461118690313779 0.3372727272727273 0.030013642564802184 0.038181818181818185
0 0.534106412005457 0.39090909090909093 0.04229195088676671 0.05090909090909091
0 0.5961800818553888 0.3936363636363636 0.04365620736698499 0.02727272727272727
0 0.5497953615279673 0.44636363636363635 0.05184174624829468 0.056363636363636366
0 0.25306957708049116 0.3990909090909091 0.045020463847203276 0.06363636363636363
0 0.1984993178717599 0.3654545454545455 0.03956343792633015 0.05454545454545454
0 0.4242837653478854 0.3890909090909091 0.04638472032742155 0.05454545454545454
0 0.43178717598908595 0.4763636363636364 0.036834924965893585 0.05090909090909091
0 0.3581173260572988 0.5263636363636364 0.05593451568894952 0.07090909090909091
0 0.28171896316507505 0.6227272727272727 0.07776261937244201 0.08545454545454545
0 0.26125511596180084 0.2636363636363636 0.036834924965893585 0.025454545454545455
0 0.2789904502046385 0.2918181818181818 0.0286493860845839 0.034545454545454546
0 0.20463847203274216 0.5027272727272727 0.04911323328785812 0.07454545454545454
0 0.13369713506139155 0.4763636363636364 0.06002728512960437 0.06181818181818182
0 0.6684856753069577 0.5354545454545454 0.03547066848567531 0.07090909090909091
0 0.7073669849931787 0.59 0.045020463847203276 0.1
0 0.8519781718963165 0.44545454545454544 0.03956343792633015 0.07272727272727272
0 0.9167803547066848 0.32272727272727275 0.03547066848567531 0.03090909090909091
0 0.8751705320600273 0.34454545454545454 0.03137789904502047 0.038181818181818185
0 0.16030013642564803 0.5545454545454546 0.07776261937244201 0.06909090909090909
0 0.061391541609822645 0.3336363636363636 0.03547066848567531 0.045454545454545456
0 0.12824010914051842 0.36272727272727273 0.03547066848567531 0.05272727272727273
0 0.35743519781718963 0.3836363636363636 0.04365620736698499 0.04363636363636364
0 0.3601637107776262 0.33181818181818185 0.03274215552523874 0.04181818181818182
0 0.46725784447476126 0.29545454545454547 0.02592087312414734 0.038181818181818185
0 0.4638472032742155 0.4381818181818182 0.030013642564802184 0.05090909090909091
0 0.6111869031377899 0.6054545454545455 0.06275579809004093 0.10909090909090909
0 0.7175989085948158 0.3481818181818182 0.030013642564802184 0.045454545454545456