0 0.27734375 0.9383259911894273 0.052734375 0.07342143906020558
0 0.19677734375 0.8810572687224669 0.0341796875 0.05873715124816446
0 0.171875 0.7826725403817915 0.041015625 0.06461086637298091
0 0.3056640625 0.7944199706314243 0.037109375 0.05286343612334802
0 0.36376953125 0.7679882525697503 0.0263671875 0.055800293685756244
0 0.4384765625 0.76431718061674 0.041015625 0.042584434654919234
0 0.43701171875 0.6776798825256976 0.0205078125 0.03671071953010279
0 0.62255859375 0.6938325991189427 0.0361328125 0.06020558002936858
0 0.75390625 0.8281938325991189 0.041015625 0.05873715124816446
0 0.54248046875 0.6938325991189427 0.0224609375 0.033773861967694566
0 0.1611328125 0.9060205580029369 0.03515625 0.06754772393538913
0 0.82958984375 0.959618208516887 0.0458984375 0.08076358296622614
0 0.603515625 0.8700440528634361 0.044921875 0.05433186490455213
0 0.61572265625 0.7988252569750367 0.0517578125 0.05286343612334802
0 0.3349609375 0.7173274596182085 0.025390625 0.048458149779735685
0 0.22216796875 0.7951541850220264 0.0400390625 0.0631424375917768
0 0.04833984375 0.7716593245227606 0.0263671875 0.04552129221732746
0 0.12744140625 0.684287812041116 0.0498046875 0.06461086637298091