0 0.72375 0.46622889305816134 0.0675 0.16322701688555347
0 0.70875 0.5544090056285178 0.07 0.1294559099437148
0 0.553125 0.5422138836772983 0.14875 0.1425891181988743
0 0.46375 0.724202626641651 0.0625 0.19887429643527205
0 0.26125 0.7307692307692307 0.0875 0.1669793621013133
0 0.178125 0.6407129455909943 0.09125 0.1669793621013133
0 0.04375 0.6547842401500938 0.085 0.1575984990619137
0 0.445 0.9099437148217636 0.12 0.1275797373358349
0 0.18 0.9230769230769231 0.1075 0.15384615384615385
0 0.433125 0.23827392120075047 0.06875 0.13133208255159476
0 0.57125 0.29080675422138835 0.0775 0.10131332082551595
0 0.5325 0.400562851782364 0.115 0.17823639774859287
0 0.69625 0.3527204502814259 0.09 0.150093808630394
0 0.813125 0.30956848030018763 0.06625 0.07129455909943715
0 0.76125 0.28142589118198874 0.045 0.08630393996247655
0 0.661875 0.2401500938086304 0.06375 0.11632270168855535
0 0.63125 0.20825515947467166 0.0575 0.1125703564727955
0 0.57625 0.2073170731707317 0.0725 0.10318949343339587
0 0.465625 0.12382739212007504 0.06375 0.0975609756097561
0 0.34125 0.0600375234521576 0.065 0.11632270168855535
0 0.131875 0.37617260787992496 0.10875 0.11819887429643527
0 0.32625 0.2682926829268293 0.0575 0.14634146341463414
0 0.073125 0.22326454033771106 0.05875 0.09380863039399624
0 0.03375 0.2973733583489681 0.0625 0.1294559099437148