0 0.635625 0.4666745283018868 0.07804166666666666 0.039445754716981134
0 0.5185208333333333 0.4638325471698113 0.049979166666666665 0.030047169811320756
0 0.4220625 0.4665448113207547 0.11585416666666666 0.02925707547169811
0 0.3328541666666667 0.4624882075471698 0.036104166666666666 0.03852594339622642
0 0.2805625 0.4602240566037736 0.028 0.03028301886792453
0 0.3267916666666667 0.5245165094339623 0.07470833333333333 0.023573113207547167
0 0.26335416666666667 0.5092216981132075 0.07472916666666667 0.023997641509433964
0 0.21368749999999997 0.4603066037735849 0.03679166666666667 0.025483490566037735
0 0.19883333333333333 0.5068396226415095 0.03779166666666667 0.022959905660377356
0 0.5636875 0.5345283018867925 0.041604166666666664 0.0348938679245283
0 0.4834583333333333 0.5312971698113208 0.05660416666666667 0.03090801886792453
0 0.38383333333333336 0.5427594339622641 0.059125 0.02654481132075472
0 0.20852083333333335 0.5361438679245283 0.059375 0.02818396226415094
0 0.22114583333333335 0.5639740566037735 0.09560416666666667 0.03170990566037736