0 0.7381666666666666 0.48967968749999996 0.06575 0.0571015625
0 0.8812291666666667 0.4865078125 0.07546875 0.06637499999999999
0 0.56878125 0.5028125 0.046197916666666665 0.039609375
0 0.6313124999999999 0.538109375 0.054468749999999996 0.050828125
0 0.51915625 0.55775 0.12992708333333333 0.0848828125
0 0.4135520833333333 0.599375 0.08998958333333333 0.0889921875
0 0.38753125 0.5326796875 0.07882291666666667 0.0756484375
0 0.42494791666666665 0.49686718750000003 0.05051041666666667 0.03396875
0 0.3293125 0.4770703125 0.07069791666666667 0.0462421875
0 0.35203124999999996 0.4516171875 0.09532291666666667 0.03096875
0 0.8214375 0.507140625 0.06745833333333334 0.051398437500000005
0 0.6896354166666666 0.47809375000000004 0.06635416666666667 0.0276796875
0 0.5506770833333333 0.46834375 0.07176041666666667 0.023804687499999998
0 0.9565729166666667 0.47116406250000004 0.050229166666666665 0.0356953125
0 0.7735104166666668 0.5526484375 0.10492708333333334 0.039281250000000004
0 0.15271875000000001 0.5803359375 0.08998958333333333 0.062796875
0 0.14353125 0.4822265625 0.10746875 0.0515625