0 0.6172604166666668 0.5162734375 0.08128125 0.042296875
0 0.6022708333333333 0.48315625000000006 0.06547916666666667 0.0403671875
0 0.04378125 0.5383828125 0.07949999999999999 0.032171875
0 0.1005 0.49043749999999997 0.03415625 0.037515625000000004
0 0.1501875 0.4697265625 0.09534375 0.03434375
0 0.3486041666666667 0.455765625 0.08248958333333332 0.041578125
0 0.7790937499999999 0.43772656249999997 0.051354166666666666 0.028945312499999997
0 0.7733958333333334 0.4802890625 0.062239583333333334 0.0424453125
0 0.6111666666666667 0.5719375 0.08499999999999999 0.07340624999999999
0 0.4238645833333334 0.624625 0.09514583333333333 0.0459609375
0 0.3004583333333333 0.621328125 0.13545833333333332 0.0549921875