0 0.48893749999999997 0.47420990566037735 0.04272916666666667 0.041709905660377355
0 0.37654166666666666 0.4671816037735849 0.17991666666666667 0.03648584905660378
0 0.1349375 0.5163089622641509 0.0743125 0.037452830188679245
0 0.21045833333333333 0.5107075471698113 0.07170833333333333 0.032134433962264154
0 0.2937083333333333 0.5268867924528302 0.058499999999999996 0.04386792452830189
0 0.45895833333333336 0.5481132075471699 0.141625 0.052417452830188685
0 0.18466666666666667 0.46176886792452826 0.035729166666666666 0.019752358490566037
0 0.07966666666666668 0.40695754716981136 0.07052083333333334 0.038384433962264146
0 0.05725 0.4539033018867925 0.05695833333333333 0.042358490566037736
0 0.9097916666666667 0.5766627358490566 0.07452083333333334 0.049068396226415095
0 0.22266666666666665 0.5680896226415094 0.057041666666666664 0.02898584905660377