0 0.46325000000000005 0.5365919811320754 0.029375 0.019162735849056603
0 0.5695416666666666 0.4692216981132075 0.10158333333333333 0.030884433962264153
0 0.4017916666666667 0.46731132075471693 0.18712499999999999 0.03700471698113207
0 0.18610416666666665 0.4622877358490566 0.03866666666666666 0.01455188679245283
0 0.257125 0.4650117924528302 0.035958333333333335 0.03116745283018868
0 0.20620833333333335 0.5124056603773585 0.10295833333333333 0.03037735849056604
0 0.30254166666666665 0.5264740566037736 0.0741875 0.03242924528301887
0 0.18154166666666666 0.5442570754716981 0.058041666666666665 0.02704009433962264
0 0.22572916666666665 0.5684669811320755 0.07622916666666667 0.03201650943396226
0 0.5205625 0.5386084905660378 0.05408333333333334 0.041816037735849056
0 0.4412083333333333 0.5510259433962263 0.048875 0.03438679245283019
0 0.9435 0.5844575471698114 0.06877083333333332 0.044139150943396224