0 0.9464583333333334 0.33111718749999997 0.06904166666666667 0.055109375
0 0.8159895833333334 0.39642187500000003 0.045843749999999996 0.025640625
0 0.7926354166666666 0.3723984375 0.03382291666666667 0.0174921875
0 0.8317395833333333 0.3691171875 0.03540625 0.0229375
0 0.924125 0.3747109375 0.028520833333333332 0.0185
0 0.9482916666666666 0.4266640625 0.029437500000000002 0.037078125
0 0.8827708333333334 0.43520312499999997 0.03620833333333333 0.030117187499999996
0 0.7064479166666667 0.35828906250000003 0.026510416666666665 0.027734375
0 0.6732916666666667 0.43439843749999996 0.049416666666666664 0.026101562499999998
0 0.5577083333333334 0.42453124999999997 0.05782291666666666 0.0256015625
0 0.5144895833333334 0.3996484375 0.025614583333333333 0.020304687499999998
0 0.44046875 0.4234375 0.03141666666666667 0.0390390625
0 0.026083333333333333 0.4547578125 0.05216666666666667 0.041578125
0 0.2145 0.3908125 0.028187499999999997 0.0278671875
0 0.28783333333333333 0.5246562499999999 0.040239583333333336 0.0467578125
0 0.4929270833333333 0.5564765625 0.041791666666666664 0.053914062500000005